00432323210000432323210000432323210

0
48;5;232
48;5;233
48;5;177
48;5;164
48;5;225
48;5;57

000060000000000000600
000000000000000000000
000112211111111221100
000112222111122221100
000221122222222112200
600111122222222111100
000334433222233443306
000221111222211112200
000112222111122221100
000221111111111112200
000000000000000000000
000000000000000000000
600000000000000000000
000000000000000000006

000600000000000600000
000000000000000000000
600112211111111221100
000112222111122221100
000221122222222112206
000111122222222111100
000334433222233443300
000221111222211112200
000112222111122221100
000210000111100001200
000221111122111112200
000000000000000000000
600000000000000000000
000000000000000000000

006000000000000060000
000000000000000000000
000112211111111221100
000112222111122221106
000221122222222112200
000111122222222111100
000334433222233443300
000221111222211112200
000112222111122221100
000200000011000000200
000210000122100001200
000121111111111112100
600000000000000000000
000000000000000000006

000000000000000000000
000000000000000000000
000112211111111221100
000112222111122221100
000221122222222112200
000111122222222111100
600334433222233443300
000221111222211112200
000112222111122221100
000000000011000000000
000200000022000000200
000110000111100001100
000121111111111112100
060000000000000000000

000000000000600000000
600000000000000000006
000112211111111221100
000112222111122221100
000221122222222112200
000111122222222111100
000555555222255555500
000221111222211112200
000112222111122221100
000000000011000000000
000200000022000000200
000110000111100001106
000121111111111112100
000000000000000000000



END
