0121012101210121012101210
0
48;5;217
48;5;161
48;5;16
48;5;25
48;5;168
48;5;52
48;5;159

0000000000000000000
0000000111111000000
0000011111111110000
0001111731173111100
0111111341134111111
0115111116611111511
0000111111111111000
0002221111111122200
0022222200002222220
0000000000000000000

0000000000000000000
0000000111111000000
0000011111111110000
0111111731173111100
0115111431143111111
0005111116611111511
0000111111111111000
0002221111111122200
0022222200002222220
0000000000000000000

0000000000000000000
0000000111111000000
0116011111111110000
0111111731173111100
0051111341134111111
0001111116611111511
0000111111111111000
0002221111111122200
0022222200002222220
0000000000000000000

000000000000000000
000000000000000000
000000000000000000
000000000000000000
000000000000000000
000000000000000000
000000000000000000
000000000000000000
000000000000000000
000000000000000000


