000000000000000

0
48;5;236
48;5;238
48;5;240
48;5;242
48;5;249
48;5;251
48;5;253
48;5;255
48;5;16
48;5;226
48;5;56
48;5;96
48;5;146
48;5;136
48;5;3
48;5;124
48;5;17
48;5;18
48;5;19
48;5;20

00a0000000000000000000
0faf0000hhhhhh00000000
jeaeiihh999999hhii000j
jagahh993i35i499hhijjj
077b99333347654399hij0
078eh299344876994h00c0
0005i2299a99a9944i1be0
0000i222999999444i1780
00000i2222244444i00000
0000bcb11113333bcb0000
000bdcbbb0000bbbcdb000
0000000000000000000000

00a0000000000000000000
0faf0000hhhhhh00000000
jeaeiihh999999hhii000j
jagahh993i35i499hhijjj
077b99333347654399hij0
078eh299344876994h00c0
0005i2299a99a9944i1be0
0000i222999999444i1780
00000i2222244444i00000
0000bcb11113333bcb0000
000bdcbbb0000bbbcdb000
0000000000000000000000
